100 4570
41 92
61 22
29 10
100 37
17 77
2 15
77 58
77 54
57 95
80 42
47 11
4 53
27 24
94 56
26 83
32 46
51 85
36 84
88 79
46 82
55 19
32 90
82 77
97 91
40 29
65 38
27 0
12 11
53 12
12 5
79 79
45 22
42 72
46 27
32 83
16 20
69 84
90 76
49 27
67 9
85 21
52 23
32 16
69 31
97 58
36 36
35 94
49 38
60 72
9 46
94 82
86 39
80 23
13 39
22 41
28 25
39 80
29 61
74 19
6 19
73 2
19 19
41 46
24 28
47 79
84 59
20 84
55 20
76 31
52 77
17 68
96 55
58 39
44 98
32 89
57 93
15 36
4 40
66 41
37 63
75 89
53 41
91 94
18 66
7 97
52 9
20 48
59 40
26 95
66 35
12 17
51 77
86 47
87 81
54 28
89 91
72 51
49 89
20 40
25 0
