100 414 496
71 4 4
54 7 9
79 3 4
55 7 4
60 6 3
4 6 8
8 0 12
13 2 3
19 7 9
63 6 5
24 0 6
29 1 0
30 7 12
36 8 12
11 7 8
61 0 7
8 4 0
65 7 11
36 10 4
11 9 6
0 6 8
79 5 2
90 10 1
62 0 9
55 1 6
63 8 5
24 1 3
8 8 2
50 9 1
92 1 5
41 10 3
69 3 9
63 7 1
33 5 5
2 1 3
97 10 0
53 6 4
81 0 1
58 2 12
5 1 6
50 10 3
51 6 8
70 2 10
1 1 7
15 6 1
23 5 0
17 4 0
40 2 4
20 8 8
29 7 9
10 8 9
99 7 11
3 5 0
16 3 8
32 0 4
4 5 9
64 6 1
100 10 2
53 3 0
41 4 8
55 5 11
36 0 12
17 5 8
64 3 2
6 3 11
82 0 4
85 7 7
71 5 0
84 5 9
50 7 9
7 3 9
4 0 10
60 4 12
43 5 11
20 6 3
74 9 3
26 9 0
61 7 5
18 5 0
51 9 5
22 5 6
40 10 11
38 7 9
18 4 0
30 10 5
5 5 8
50 1 0
25 6 2
99 6 12
53 4 9
99 6 3
22 0 6
26 0 5
62 10 11
58 7 11
87 5 7
30 7 3
73 7 10
17 7 1
48 1 0
