100 500 461
55 5 5
36 4 1
24 5 0
96 4 5
57 4 1
56 3 3
0 5 2
37 3 0
0 5 4
47 0 1
7 6 0
9 3 1
76 5 4
79 1 3
44 6 3
69 0 0
97 5 4
32 2 2
27 5 3
26 1 4
24 4 3
40 3 4
37 2 5
76 3 0
99 5 3
20 2 3
90 2 1
3 5 0
88 2 5
91 6 0
65 6 5
65 3 3
94 4 3
8 1 1
70 5 5
36 2 1
94 1 0
11 0 1
93 2 5
4 4 4
60 3 3
65 2 2
64 0 1
63 5 2
42 0 2
78 3 5
71 1 0
85 5 1
85 2 5
64 6 5
14 5 5
61 3 1
42 0 2
28 5 2
95 6 3
40 0 4
17 6 1
15 2 1
4 1 1
4 4 0
74 4 4
41 0 3
6 4 3
29 6 3
84 6 2
40 6 3
100 3 4
56 5 0
20 1 0
53 4 4
56 4 0
57 6 0
53 3 4
40 4 3
83 3 3
87 1 0
65 0 4
53 1 1
2 5 0
64 1 3
36 0 0
99 6 4
11 5 1
84 4 3
43 2 5
15 5 1
76 3 3
74 1 2
59 1 5
67 4 5
36 6 1
73 0 2
51 5 5
11 1 5
15 1 5
80 4 0
44 4 4
40 6 5
57 2 5
47 2 2
