933485125
361932665
328595545
170346503
417957664
195432705
134959866
320698402
587050216
13089188
739612494
824799594
192796745
575031664
880748542
135949817
133440752
204248099
118915181
93133482
926320152
199315686
971712123
745477598
822376182
471721976
869092749
451027321
946376978
139457689
960703340
758960428
588011988
145205663
368611752
914861110
880725022
888132824
482504443
553905623
150179210
768680439
97984762
295878035
42969565
634956757
871956150
538589116
423683701
943656096
654234149
390031375
930190753
827997283
456286015
134933862
90670596
334784443
107940133
319095388
769502751
886197017
514155968
738120420
724337062
641167963
36996689
180561234
91228399
765339807
786557560
556541760
506060829
122072655
266686403
399987126
959794766
520942739
986747326
393569142
259898606
927094816
688696721
781894289
844862424
440869398
873373230
733132559
645219468
204143098
501647021
953645597
251074412
795237901
772650020
888234503
398444818
601006552
147005748
119395780
