933569160
774308910
851911322
800097499
843535020
399005418
640097586
20018204
438488890
311859498
562467400
959539478
525284617
946246874
454788477
528595038
749917799
286906744
940842087
810846542
114074373
131030590
853349727
146028795
318089394
834609347
709074597
29977770
118168764
225983423
145264237
353064970
258595901
507368351
829779861
144281981
231178976
420093981
386269103
181732434
655255398
581315564
267557139
795040127
596146049
415415482
211631349
448124983
204401024
187136940
294474566
77186199
188306999
632303356
18897061
922791312
19643922
235877188
133069548
969399903
893206773
8503053
615347772
16226893
580907832
650234934
747217927
7314627
530351304
557214472
720408109
386269371
186236710
196694485
659838434
91968902
326071846
58715419
573509863
73642899
558584593
125711639
859074866
731675853
577660421
758089432
188589167
79733638
639398488
155180000
858074314
95267565
725104643
11505017
677232839
381957745
528161104
46723649
891294291
284694206
54916498
356575448
484162600
298241489
110835297
733476502
776397106
588483142
119451284
867987084
195468489
381876485
516929353
105761881
570941092
642960220
887667608
460575141
355314193
406581216
117515752
549755465
58412633
927036502
501591901
27243757
471790282
869628044
64817220
608790705
333267821
387877943
97197481
510474641
143083294
412199390
52885702
939230497
287635754
308411275
590241908
761744035
127454603
88299756
935760787
308783322
46279827
435955369
35150060
794995845
644877053
98646556
95274402
401540593
92089449
997600206
261813307
895219818
689033438
353151036
557623516
359781098
674430975
535669731
542682465
294102218
261584304
548355113
352038108
179995443
171913650
987193529
302968375
305734782
703580644
827885098
511254945
372750740
404850653
889693047
935368640
160419634
873773425
809737561
448278460
636405316
241062077
376153091
606105441
299192360
59738665
591336209
33329541
823830561
86128290
740132302
971278062
40148959
59629105
897444936
579369665
568065929
564735913
786236892
609525625
593144957
161164697
511145384
678842660
520931881
11278342
576516252
62415294
41809716
261706015
239446821
791327841
480781010
652938250
84693352
452470875
438385292
72676628
143832003
110849671
182081742
876602591
321911711
651781756
974851517
176686450
392243121
802805198
900170457
142560878
576393335
937011500
854680243
92712512
293528303
353213134
601304602
861364804
770979595
85194008
70040257
138522615
70278729
851554225
240819161
233926104
700939112
381329714
917283744
2766789
404249330
373191974
585240972
462874916
145905550
394194326
29947859
615454587
309477882
189352934
31463725
115789263
35899409
504402606
22122458
297463869
133299261
535219000
764202558
645661371
395777300
72209535
90355962
134676677
856108173
469611905
764867804
296054080
61295655
551389866
610502829
837143409
703886760
530325769
128047727
112495167
713624181
978403344
742700723
396078291
481492909
732922861
268308829
898297144
663022570
920651479
769714112
143574050
424905963
804355638
188611773
105167611
965958368
33386497
72079915
266337691
981635483
378169721
139867499
405929069
687277936
913199980
879400523
102114601
193626826
641301149
920948722
470509919
618382151
120922149
819011375
901469196
288609359
284899912
571755015
290178552
95544321
643101932
121937545
497881349
88505703
895123300
214339059
859450366
600253412
373883650
325337622
456030886
141948053
14061795
699327745
216371956
666611893
116861024
76138782
350195812
281297629
157726750
711628624
798815197
412216707
343932521
595369564
42912547
262612387
440455496
152351835
569745393
874199950
742913717
473879733
272787580
10737556
663417694
119049606
204930810
855820723
726385627
66166635
252045649
86432631
412740548
558193620
351584438
145098341
712334545
132832631
720976687
352425229
243887149
257992892
317035745
512821202
134049797
57554248
739566758
56114642
166428833
938649609
262069373
903953786
451945618
993304059
70914676
595475797
680886931
519256226
913315815
678755721
414253177
211145459
78727763
120547961
765463178
358065241
753309787
461474238
79546874
209466078
563637285
294443850
708426034
659976242
260624311
239116869
895296940
985222892
187705599
114508144
393011690
835242499
613042026
918259517
15693002
759262874
376254616
164952469
102225047
695387679
567675751
449465208
461747551
378151171
182602718
42711635
387873119
16120513
354505663
57024457
425304009
51863819
382785601
409551367
644719728
749452575
850800142
97342993
808611178
844512202
790117763
263331465
995602629
693769951
502830088
510099843
286304249
197621788
419655848
612502360
83522574
457062921
100469700
465063130
268512602
28142661
340262859
841881024
872087126
385397679
361073373
564355361
832750369
677486056
342808570
677972861
141627039
913746791
686739834
459254254
422981432
671017826
5449310
392223190
113319812
895552236
626510401
647971560
568418177
397022177
312999382
38639896
880653872
692314774
667990366
17041687
242765061
80917768
66234928
813888944
708117259
765362111
13937241
167475158
551386130
547711877
71567469
829549513
567790439
229542777
44806221
84358022
466051928
61876481
368892791
988811220
721697248
370970652
551682695
89628891
6717684
27927116
658060269
478142227
252585309
773585085
571486429
71020944
795564917
619335569
112632946
881792187
289600734
914554008
14229002
776134991
685105053
900777398
398978608
189501916
33415483
913752686
578795677
510984201
324345048
953708844
166583094
590852011
278326921
414139853
246971216
552299433
72231291
456009054
567996207
747423328
312005587
515796507
747877051
140772038
221625444
122176604
220778668
568292832
437832409
15801566
436414375
952707892
316430584
872277088
283121719
750436322
204766795
39682843
668068434
181646916
10932950
213963849
995746837
969990160
76237937
76231672
325440886
837083865
703130752
63506264
636346839
405722785
515230042
610212962
260316034
707377693
427399653
120635597
883856361
622434800
661800835
861787804
83384585
285365445
599012136
986594388
970623823
988793743
427961309
615948332
17915509
458232377
635185291
417959794
231231615
511819076
116682222
425518637
571170743
414758705
117619967
153813323
363170445
657127535
981551065
752334973
110160869
342804763
968493681
340214079
376540633
677072894
48267199
625461868
998125183
495167158
568254153
580733034
859888595
730138696
512466486
260283857
166578854
519590331
879146187
915435321
941554711
695994806
241262427
448468247
885693200
281933168
101812488
410980929
49048145
511414339
111223473
815099593
373637110
269685714
62778153
697929988
553611596
650918362
496174088
311857487
174163454
144943711
822478273
40081766
491842845
531100384
55078728
728669989
450228054
397998391
540358904
103739559
941513590
4874159
315594921
66695998
559115002
450361114
486854164
438201050
916583559
912637954
23364129
838875543
544070418
999108172
836394105
995236314
979564687
934039701
299778331
377756449
990961005
345911744
293410751
525000317
462984068
39960989
254922384
250615317
876184246
733238237
273865967
600813620
199364918
444649278
770285558
157932384
872751968
29000360
723224423
475418535
720134099
868929173
203794205
725748242
91055175
794426264
16368843
26199257
889726536
705239685
1121196
309550121
403473807
223878795
339541215
805133620
586274787
865355867
276782379
224826223
23556660
218250275
230286043
651976001
299065007
66800441
167004856
882449935
813974557
999531303
505505881
384996207
55984410
125103256
16894951
278561825
67204087
715653659
82606807
536625990
789163371
402734297
679836107
392431503
466952756
962685726
510162156
186115193
301841913
493619349
324032054
781164558
465175389
7765968
673588550
261934638
141451357
694500220
684537867
750995462
12298187
123139147
11348271
397307886
26964673
869171366
979364662
867186820
630333323
475312204
80512629
846998343
625016610
311629987
645538248
473932686
369790073
244065687
318218833
69628395
658808922
175851316
595552934
36866265
136008713
768800755
618147058
819186461
342150882
361628880
517848344
873363158
356831033
130307332
789475825
211697734
770879100
189153121
613668859
361518444
809234139
784220916
293776767
234180288
323537237
261731249
870576081
966089550
90678724
909865248
21639690
211990190
243736151
222158222
132136793
324972147
755943502
629165656
177685758
362248570
988538517
433345221
909044142
899191608
663893489
525801583
251981270
211436200
670244456
39805249
577862429
212775663
353257558
200455123
794876959
794243698
95465728
322189381
230635574
877071155
607132271
377254994
945919986
48727733
568700796
497527347
788266452
360602193
235167689
886400315
428996738
838534359
104758224
882347069
25567920
809242390
715874051
137262788
578224232
851147743
851527128
785399882
781305506
332099709
289793804
71535626
855890703
902539487
97121020
811351770
661001712
522850847
51085199
742947634
43922752
61258646
722358181
741853348
832127126
147080612
23129959
843642578
413754146
206844608
454263935
509573654
239601736
454522021
552257762
371866794
787777182
934397313
15195921
433230604
130159870
897039147
201724883
306391740
7655515
403162135
428058432
100810946
757933711
866353614
659025610
315737816
173364969
757191845
928208565
80123341
953707290
140465016
710979053
825915057
967535632
418153712
135906372
841734146
550992227
369835097
793762633
393119439
144191226
60364760
731201708
51156347
791248423
293486331
647789730
807368661
288881806
923454416
427014615
737247803
90648672
404781284
78313333
390652470
631516183
821265979
932871556
787096717
235240293
166193518
485699120
352729365
60533607
67024521
992655191
548303366
482326279
854470569
656667466
484600901
74831808
420246755
806458074
371536695
327749161
184577566
228748688
376432858
13182116
153969743
844637738
959539090
518763501
867516259
79268724
622544900
364767888
381043203
396860661
100388686
896439410
859363359
137926763
233822
427840832
945596462
260732228
52877888
