97 298
22 1
95 2
60 3
23 4
51 5
75 6
88 7
55 8
10 9
44 10
6 11
28 12
55 13
7 14
76 15
46 16
1 17
72 18
42 19
27 20
43 21
15 22
64 23
33 24
22 25
75 26
51 27
96 28
30 29
79 30
5 31
82 32
76 33
64 34
7 35
60 36
41 37
28 38
17 39
82 40
6 41
23 42
60 43
60 44
21 45
39 46
60 47
92 48
14 49
86 50
68 51
28 52
84 53
4 54
80 55
61 56
54 57
13 58
90 59
66 60
17 61
75 62
75 63
80 64
15 65
37 66
55 67
43 68
53 69
39 70
48 71
9 73
81 74
41 75
68 76
35 77
13 78
31 79
60 80
27 81
50 82
30 83
85 84
67 85
64 86
68 87
31 88
51 89
80 90
54 91
19 92
96 93
31 94
27 95
12 96
77 97
94 66
53 81
7 3
89 21
74 60
86 86
24 48
15 7
78 34
74 75
4 7
29 17
91 78
15 56
39 26
35 35
92 87
18 32
23 10
84 30
3 72
49 57
23 95
63 34
31 70
42 34
10 70
50 4
82 95
59 23
54 27
88 79
16 9
45 69
49 31
1 82
5 49
41 58
46 37
25 76
41 67
43 50
70 26
84 54
54 45
10 11
71 1
23 20
40 67
88 22
97 22
6 36
71 77
93 50
47 21
60 87
21 5
71 90
31 57
78 84
36 87
28 40
21 51
60 60
51 81
81 51
6 20
20 10
96 15
59 46
66 21
35 86
57 8
13 87
96 90
7 34
79 66
73 3
50 66
93 3
50 11
84 55
30 6
64 29
52 56
8 20
77 73
40 67
15 52
87 13
44 93
46 56
92 21
58 44
87 85
78 70
95 64
58 27
4 55
86 55
13 93
8 23
69 78
89 83
63 78
29 40
8 74
96 2
28 87
77 48
74 57
20 71
54 77
1 88
34 20
76 78
16 84
3 18
95 92
34 61
6 62
3 13
69 32
46 96
22 25
47 95
15 97
69 68
77 3
59 44
22 37
24 68
54 58
19 83
52 52
77 88
47 13
4 18
45 49
17 66
7 94
63 21
93 65
88 6
1 80
81 23
51 38
24 7
95 43
23 80
28 2
71 75
15 8
26 59
56 73
58 62
69 23
82 96
22 6
35 22
20 49
75 70
87 33
10 18
75 33
1 36
34 5
13 48
12 70
40 67
45 97
62 17
54 77
46 9
82 14
30 35
63 39
7 83
5 17
3 79
49 3
48 16
38 92
64 49
64 37
49 11
37 13
58 24
23 6
32 39
51 92
73 16
64 80
1 68
30 34
80 78
68 31
27 8
25 90
57 88
61 8
1 31
52 59
54 74
95 85
46 48
13 22
94 77
4 28
47 64
62 30
44 32
60 70
39 84
94 29
8 88
68 8
21 53
97 74
29 29
92 75
10 7
30 7
83 64
65 33
30 29
93 7
60 55
10 33
72 6
61 13
93 31
51 47
83 51
23 46
13 17
54 22
24 17
59 40
80 27
72 12
86 1
18 80
86 27
15 60
64 9
6 90
71 57
40 87
10 62
66 53
13 22
8 36
69 1
75 51
58 81
62 46
81 13
28 70
40 73
63 37
82 69
29 86
59 68
75 68
64 44
54 76
96 61
45 68
61 53
21 52
67 17
1 51
29 59
54 2
66 50
38 81
52 67
69 13
68 46
14 34
23 1
43 22
62 21
23 56
74 74
42 43
90 42
27 53
34 14
54 2
95 92
82 49
92 53
93 62
33 40
30 55
41 6
