999 4997
571 1
978 2
948 3
956 4
300 5
294 6
15 7
207 8
420 9
806 10
742 11
374 12
35 13
638 14
824 15
141 16
593 17
839 18
88 19
64 20
288 21
365 22
393 23
805 24
737 25
329 26
896 27
408 28
185 29
299 30
262 31
475 32
277 33
211 34
150 35
295 36
223 37
882 38
501 39
362 40
688 41
961 42
735 43
442 44
600 45
278 46
582 47
911 48
117 49
669 50
693 51
123 52
752 53
86 54
927 55
489 56
414 57
543 58
615 59
318 60
841 61
877 62
792 63
119 64
88 65
660 66
132 67
29 68
542 69
352 70
390 71
231 72
313 73
843 74
672 75
631 76
121 77
972 78
262 79
955 80
642 81
954 82
79 83
113 84
759 85
6 86
602 87
891 88
548 89
217 90
209 91
109 92
812 93
719 94
945 95
618 96
379 97
77 98
647 99
921 100
428 101
37 102
870 103
741 104
599 105
261 106
91 107
719 108
951 109
352 110
675 111
312 112
26 113
472 114
425 115
784 116
196 117
745 118
394 119
744 120
961 121
322 122
571 123
493 124
41 125
516 126
111 127
139 128
592 129
757 130
778 131
739 132
513 133
367 134
199 135
112 137
346 138
289 139
549 140
297 141
360 142
942 143
609 144
385 145
414 146
752 147
887 148
610 149
497 150
281 151
73 152
177 153
321 154
643 155
669 156
362 157
877 158
499 159
219 160
188 161
974 162
715 163
926 164
487 165
82 166
125 167
317 168
146 169
133 170
866 171
442 172
492 173
808 174
769 175
876 176
941 177
240 178
482 179
551 180
736 181
481 182
342 183
913 184
802 185
984 186
301 187
882 188
580 189
799 190
819 191
767 192
493 193
534 194
694 195
698 196
334 197
818 198
16 199
479 200
950 201
600 202
639 203
161 204
127 205
128 206
755 207
68 208
367 209
237 210
337 211
822 212
437 213
678 214
454 215
239 216
381 217
754 218
839 219
960 220
273 221
658 222
728 223
765 224
192 225
141 226
463 227
525 228
958 229
197 230
722 231
628 232
515 233
361 234
788 235
642 236
207 237
263 238
428 239
574 240
499 241
765 242
396 243
935 244
162 245
849 246
892 247
262 248
322 249
731 250
222 251
594 252
389 253
668 254
78 255
299 256
808 257
260 258
823 259
486 260
456 261
545 262
832 263
971 264
625 265
339 266
332 267
831 268
601 269
759 270
124 271
819 272
243 273
238 274
473 275
124 276
805 277
366 278
385 279
128 280
815 281
325 282
440 283
923 284
993 285
518 286
222 287
520 288
777 289
764 290
6 291
951 292
28 293
556 294
641 295
371 296
895 297
972 298
203 299
496 300
451 301
326 302
34 303
693 304
283 305
507 306
816 307
88 308
591 309
919 310
215 311
406 312
245 313
374 314
48 315
238 316
891 317
270 318
476 319
387 320
752 321
482 322
338 323
779 324
756 325
979 326
151 327
651 328
670 329
72 330
866 331
121 332
116 333
899 334
533 335
398 336
406 337
349 338
486 339
715 340
987 341
419 342
122 343
232 344
792 345
887 346
188 347
402 348
157 349
663 350
788 351
627 352
863 353
845 354
407 355
620 356
543 357
276 358
271 359
931 360
347 361
855 362
53 363
462 364
755 365
585 366
579 367
879 368
652 369
783 370
595 371
639 372
202 373
435 374
870 375
713 376
322 377
58 378
115 379
198 380
440 381
622 382
824 383
303 384
467 385
949 386
922 387
728 388
225 389
912 390
659 391
290 392
767 393
711 394
471 395
241 396
15 397
768 398
839 399
667 400
551 401
153 402
306 403
752 404
587 405
895 406
465 407
627 408
671 409
299 410
543 411
111 412
920 413
87 414
133 415
106 416
754 417
773 418
833 419
698 420
404 421
492 422
987 423
172 424
922 425
177 426
131 427
936 428
944 429
969 430
322 431
495 432
840 433
347 434
966 435
146 436
242 437
150 438
773 439
631 440
448 441
35 442
461 443
87 444
839 445
593 446
192 447
594 448
85 449
25 450
292 451
489 452
236 453
997 454
379 455
876 456
893 457
509 458
812 459
556 460
198 461
853 462
52 463
38 464
200 465
736 466
184 467
160 468
604 469
675 470
790 471
53 472
428 473
969 474
139 475
268 476
562 477
331 478
580 479
366 480
74 481
590 482
854 483
309 484
306 485
233 486
185 487
199 488
741 489
716 490
755 491
657 492
288 493
525 494
414 495
487 496
979 497
316 498
365 499
583 500
990 501
873 502
635 503
418 504
843 505
493 506
404 507
124 508
542 509
983 510
489 511
334 512
292 513
343 514
362 515
598 516
575 517
265 518
796 519
36 520
699 521
270 522
411 523
986 524
513 525
824 526
473 527
492 528
140 529
556 530
76 531
848 532
430 533
429 534
985 535
273 536
640 537
389 538
396 539
900 540
92 541
885 542
235 543
383 544
946 545
596 546
699 547
241 548
860 549
215 550
276 551
560 552
484 553
686 554
546 555
716 556
230 557
738 558
208 559
88 560
13 561
2 562
936 563
442 564
431 565
921 566
714 567
71 568
29 569
829 570
971 571
838 572
433 573
924 574
940 575
379 576
520 577
639 578
619 579
99 580
853 581
613 582
377 583
57 584
19 585
642 586
772 587
966 588
99 589
698 590
54 591
111 592
700 593
708 594
553 595
131 596
348 597
985 598
919 599
377 600
533 601
609 602
933 603
965 604
533 605
592 606
64 607
771 608
950 609
401 610
589 611
522 612
733 613
684 614
578 615
751 616
326 617
69 618
717 619
143 620
767 621
489 622
254 623
467 624
198 625
525 626
316 627
545 628
229 629
235 630
640 631
481 632
844 633
293 634
446 635
96 636
884 637
228 638
586 639
834 640
348 641
175 642
357 643
81 644
858 645
653 646
831 647
903 648
722 649
267 650
46 651
489 652
755 653
18 654
674 655
671 656
261 657
989 658
217 659
209 660
224 661
856 662
689 663
786 664
149 665
853 666
601 667
752 668
82 669
187 670
305 671
429 672
80 673
661 674
228 675
656 676
34 677
59 678
559 679
755 680
44 681
324 682
962 683
517 684
60 685
355 686
189 687
40 688
344 689
124 690
248 691
286 692
698 693
936 694
791 695
566 696
508 697
392 698
318 699
308 700
297 701
622 702
455 703
376 704
3 705
682 706
32 707
754 708
459 709
310 710
228 711
502 712
633 713
190 714
738 715
411 716
263 717
645 718
450 719
325 720
768 721
697 722
610 723
466 724
352 725
120 726
750 727
579 728
230 729
68 730
886 731
526 732
409 733
342 734
901 735
130 736
24 737
652 738
883 739
202 740
961 741
111 742
422 743
313 744
19 745
160 746
442 747
281 748
523 749
892 750
324 751
291 752
308 753
933 754
476 755
379 756
772 757
226 758
957 759
2 760
13 761
562 762
528 763
140 764
903 765
148 766
987 767
646 768
799 769
870 770
847 771
479 772
699 773
987 774
510 775
436 776
148 777
952 778
435 779
670 780
844 781
758 782
680 783
870 784
410 785
874 786
249 787
182 788
818 789
924 790
184 791
549 792
487 793
430 794
688 795
109 796
577 797
394 798
754 799
96 800
982 801
320 802
293 803
681 804
308 805
803 806
117 807
755 808
270 809
562 810
318 811
28 812
242 813
188 814
438 815
834 816
156 817
338 818
653 819
80 820
240 821
202 822
566 823
388 824
609 825
675 826
965 827
3 828
148 829
779 830
985 831
187 832
72 833
666 834
213 835
874 836
502 837
105 838
348 839
490 840
666 841
665 842
518 843
627 844
853 845
674 846
461 847
9 848
730 849
114 850
806 851
970 852
316 853
373 854
358 855
643 856
766 857
42 858
645 859
632 860
539 861
630 862
537 863
611 864
16 865
749 866
204 867
236 868
572 869
552 870
725 871
239 872
217 873
961 874
865 875
788 876
635 877
45 878
515 879
366 880
159 881
322 882
55 883
193 884
413 885
131 886
835 887
179 888
891 889
199 890
529 891
430 892
829 893
67 894
759 895
563 896
534 897
682 898
798 899
107 900
234 901
242 902
64 903
169 904
204 905
647 906
676 907
557 908
691 909
191 910
641 911
568 912
231 913
695 914
760 915
643 916
545 917
314 918
540 919
436 920
513 921
70 922
584 923
61 924
854 925
63 926
623 927
107 928
744 929
140 930
696 931
381 932
713 933
864 934
303 935
360 936
259 937
860 938
52 939
450 940
501 941
619 942
680 943
915 944
99 945
43 946
460 947
412 948
582 949
614 950
643 951
370 952
916 953
422 954
942 955
978 956
763 957
50 958
722 959
902 960
699 961
418 962
3 963
413 964
2 965
24 966
772 967
260 968
883 969
542 970
428 971
385 972
880 973
827 974
19 975
978 976
869 977
197 978
109 979
170 980
810 981
471 982
540 983
445 984
892 985
482 986
424 987
656 988
250 989
864 990
277 991
668 992
2 993
997 994
81 995
3 996
22 997
571 998
980 999
904 114
128 8
712 954
26 690
542 222
517 430
750 987
969 196
880 171
338 255
139 202
531 806
203 248
605 923
269 177
904 173
9 32
899 439
704 924
129 964
865 364
394 334
352 83
529 950
971 866
205 110
787 454
635 989
701 958
913 688
853 536
861 861
567 479
300 989
122 147
953 986
511 66
321 581
866 568
531 837
154 454
666 940
626 20
929 328
977 561
16 831
97 595
411 382
74 430
371 196
295 43
900 805
827 939
105 693
508 635
250 661
807 634
601 434
653 249
761 630
810 495
180 625
809 591
8 601
739 97
515 34
858 416
558 685
355 662
97 581
17 346
960 823
979 280
257 351
529 736
700 58
950 879
682 759
189 408
360 927
224 594
961 82
10 238
485 83
899 300
383 634
646 343
458 344
623 433
414 870
888 114
646 838
711 47
316 900
455 394
546 397
987 226
478 715
463 681
798 82
980 899
715 345
242 891
408 583
325 821
172 213
653 817
769 364
864 85
982 319
197 529
715 185
473 911
899 655
311 416
736 291
315 170
355 276
62 762
577 386
302 749
317 954
566 804
37 430
888 738
467 803
985 900
987 458
530 606
113 840
740 567
850 774
737 205
50 798
685 626
902 986
94 937
659 660
741 414
90 348
152 557
151 137
176 139
314 706
463 426
546 203
993 396
976 449
319 744
247 4
371 867
708 464
804 86
842 545
500 932
892 370
208 43
507 383
899 539
807 362
964 354
284 676
468 978
125 787
723 90
509 812
956 936
994 760
22 837
24 240
488 915
610 414
677 835
515 576
374 323
657 57
395 659
733 862
637 576
368 360
666 596
890 622
532 885
102 272
722 125
512 928
759 122
342 436
675 575
730 49
897 106
105 292
764 556
873 121
851 959
199 517
555 90
857 87
974 677
78 415
802 589
62 561
429 403
715 104
696 445
870 594
270 693
604 752
968 196
872 819
156 790
55 429
879 630
516 572
308 593
705 828
900 766
108 329
887 822
151 583
985 739
895 973
432 500
726 400
414 317
937 569
107 991
998 985
622 233
276 648
544 980
476 163
746 583
210 633
124 360
935 827
99 830
801 249
49 527
368 463
843 24
750 950
16 467
654 356
418 649
4 680
629 198
842 95
780 52
446 622
411 381
449 228
212 250
196 978
776 282
441 339
305 192
8 39
377 380
394 795
29 116
475 377
313 318
471 811
88 916
433 218
17 882
164 946
850 359
924 346
640 366
403 664
276 410
702 371
789 97
166 537
212 360
913 244
396 384
55 483
19 488
700 35
89 864
980 657
941 624
3 301
989 124
964 983
533 666
354 42
762 239
578 693
598 491
936 993
874 990
195 611
197 895
646 4
478 345
661 419
968 382
719 676
506 402
378 757
69 732
798 549
689 376
242 287
585 896
998 459
606 193
789 521
806 435
244 3
498 623
141 186
5 578
580 229
980 958
705 49
409 503
316 98
598 558
384 183
173 101
361 497
12 150
19 537
303 262
539 519
884 398
704 607
976 285
555 956
243 260
723 651
481 39
467 797
315 850
699 207
669 778
703 680
646 440
935 667
420 194
186 304
591 609
630 567
893 903
242 854
881 964
224 81
722 690
878 37
259 296
243 646
74 665
326 438
105 980
105 525
174 290
547 764
898 895
332 510
798 292
364 679
975 306
479 697
995 357
452 972
371 414
618 163
79 663
600 183
643 704
707 816
993 973
580 611
868 630
121 667
641 204
65 616
509 543
313 224
618 764
914 707
178 533
869 974
914 469
158 557
173 583
92 885
556 671
496 144
21 335
529 661
538 593
277 766
855 308
708 192
790 622
899 687
155 487
661 69
956 818
344 847
121 435
451 395
825 665
538 564
1 67
225 257
379 220
23 952
246 730
862 36
72 480
722 944
967 384
732 642
920 76
489 41
230 940
155 55
605 692
618 324
478 561
581 575
499 322
246 744
771 108
498 842
588 221
786 274
323 518
915 243
313 404
3 542
63 157
315 387
567 651
429 763
930 10
338 429
51 583
891 540
410 389
382 997
328 886
989 650
124 904
893 155
27 895
696 808
770 729
195 337
380 623
101 310
352 157
457 121
459 67
660 868
455 760
584 783
365 573
433 488
196 45
642 222
658 57
30 428
785 942
484 883
285 584
911 355
459 87
475 917
153 135
785 608
613 88
110 977
660 261
185 855
306 545
796 963
602 825
111 106
487 594
708 490
896 619
844 355
706 319
991 577
172 776
903 784
583 13
480 243
992 664
817 17
210 613
979 530
157 808
354 643
402 780
851 17
119 695
91 543
732 82
120 903
576 24
406 159
36 886
402 746
269 937
762 197
550 461
726 706
269 799
69 390
579 638
406 697
334 496
240 66
577 79
688 872
102 94
31 855
698 151
602 967
88 364
164 356
824 609
781 94
127 568
483 705
206 607
122 539
104 80
605 399
158 12
271 259
105 21
115 522
171 716
208 259
798 90
333 623
698 114
435 824
681 636
249 887
243 89
426 65
168 749
183 45
760 453
303 584
192 136
106 363
570 32
340 369
121 672
710 538
786 145
81 467
499 329
73 741
136 218
525 304
966 707
348 446
878 369
748 71
224 572
433 793
603 491
880 723
163 590
261 667
453 61
853 951
108 644
412 244
861 936
266 828
362 332
992 240
700 740
29 642
312 461
436 914
670 35
356 552
344 336
937 796
396 790
467 503
435 878
746 296
533 12
842 894
343 553
852 762
293 881
404 604
61 558
237 731
593 593
2 936
928 938
451 43
448 636
545 601
514 292
896 765
22 458
378 84
11 231
564 23
830 686
345 890
963 582
340 275
893 341
211 540
280 380
582 727
17 845
328 249
855 942
733 877
119 111
679 848
60 961
870 889
647 215
780 610
515 838
884 127
180 813
385 178
912 685
623 647
531 669
895 386
330 628
981 168
458 660
16 517
621 604
407 987
537 905
316 771
743 919
897 641
451 283
537 363
686 878
10 217
547 624
603 596
970 303
763 428
682 497
945 22
819 71
9 356
975 44
127 437
962 743
797 413
744 334
495 430
213 223
366 478
565 968
74 536
271 555
682 952
770 346
693 589
416 701
945 110
744 790
547 425
252 344
557 995
396 52
145 608
992 510
805 558
197 597
812 186
153 494
857 922
840 550
512 974
251 176
85 714
684 350
139 936
412 695
650 807
465 794
135 177
23 939
734 219
536 265
405 407
477 980
49 36
530 279
11 499
173 813
931 856
163 789
792 574
203 443
100 668
955 952
844 978
891 297
915 147
280 39
272 756
19 320
511 267
317 521
766 489
53 697
346 215
486 856
507 408
18 325
76 692
278 638
389 169
653 304
34 932
62 25
407 80
63 917
66 380
157 831
587 209
247 932
142 452
508 367
859 244
692 653
935 969
10 324
856 662
347 890
313 408
633 719
206 695
356 271
793 231
102 381
440 68
32 300
238 539
667 97
502 359
468 437
328 477
761 184
139 826
792 451
234 144
888 439
839 962
710 632
194 530
731 352
597 763
370 834
21 37
649 522
114 117
678 160
593 158
63 450
983 854
619 217
998 227
655 556
189 84
906 101
614 638
171 929
120 541
483 858
296 850
100 129
967 777
288 279
934 350
729 917
923 348
852 640
574 226
196 482
310 820
301 642
177 472
290 296
731 772
873 745
623 972
873 309
468 162
306 402
511 35
38 434
102 889
74 394
833 987
875 143
808 895
503 984
367 793
999 816
284 591
561 625
563 435
652 31
315 958
151 825
992 906
978 812
795 770
207 628
758 800
490 285
695 711
987 780
223 705
315 507
296 876
850 858
30 503
607 344
461 476
887 172
382 865
703 895
636 628
243 113
428 451
116 842
162 103
341 385
808 656
610 104
251 460
681 280
681 7
342 142
202 229
33 583
813 454
198 168
82 440
280 228
890 395
788 770
216 130
155 24
504 764
846 754
943 246
752 624
970 812
485 172
759 236
474 572
689 671
739 770
829 737
716 438
850 505
208 785
634 82
808 856
845 373
329 788
337 81
132 308
611 616
479 370
851 952
942 540
623 400
29 452
856 744
889 706
249 816
210 601
897 737
457 742
110 785
250 447
584 381
754 195
715 233
565 566
904 226
106 527
344 852
698 200
315 306
625 564
122 834
883 19
571 60
480 400
844 448
846 148
828 319
61 262
270 625
827 174
569 651
420 913
503 836
831 817
142 456
100 264
10 983
282 580
43 480
979 605
927 544
752 474
581 813
735 570
157 562
462 445
213 881
77 434
717 907
970 578
83 70
841 92
771 841
671 532
322 370
856 967
632 327
442 932
858 177
502 16
458 963
179 389
564 255
823 999
880 512
577 962
581 418
54 72
978 444
603 300
813 459
985 164
786 427
814 644
323 316
378 780
998 275
169 562
529 710
561 410
222 139
372 803
275 145
593 253
588 914
271 120
93 257
2 597
683 816
959 6
132 57
504 130
331 673
410 579
383 971
707 605
828 797
127 103
941 438
356 529
352 345
367 444
601 369
41 4
185 1
727 35
775 232
165 106
623 574
684 724
264 391
329 92
189 174
195 848
611 269
378 682
613 463
844 933
831 885
655 16
604 101
51 379
332 933
203 673
226 887
398 490
996 445
300 903
619 213
752 948
481 848
349 813
311 194
465 143
79 120
876 401
220 645
498 271
578 700
943 523
306 60
731 303
505 31
924 842
244 676
790 443
243 858
256 554
52 439
415 848
558 10
249 497
655 465
486 951
883 148
193 190
208 923
211 712
954 135
554 916
530 63
359 772
920 334
45 971
772 178
819 50
188 786
546 561
969 750
231 853
897 424
761 105
347 971
816 20
824 89
935 73
152 295
564 72
628 608
762 400
505 300
449 411
87 713
971 774
463 920
627 361
344 388
184 410
78 1
429 621
89 365
693 958
378 257
31 6
584 511
124 807
810 292
218 615
5 907
390 187
827 17
266 172
124 449
581 919
168 728
540 975
811 952
933 189
209 682
912 511
193 37
318 4
47 535
337 769
442 726
955 270
462 939
160 304
389 459
223 275
905 763
250 717
715 902
905 642
584 537
872 496
292 190
218 338
444 554
107 885
281 781
873 742
720 751
46 827
210 986
821 834
749 789
551 183
691 175
544 276
711 416
490 3
324 707
340 767
261 166
372 260
946 963
720 385
715 765
931 643
752 471
477 220
260 28
122 951
203 384
945 913
799 435
635 123
860 974
609 121
858 980
100 523
943 819
908 658
585 558
21 56
29 497
993 7
244 833
957 165
217 621
796 734
774 431
857 634
125 185
474 982
165 573
506 108
392 133
485 695
690 505
469 437
720 182
162 963
15 120
128 950
459 924
684 234
74 260
867 198
444 341
181 608
632 686
435 25
537 919
438 227
143 626
382 862
807 543
545 821
381 672
490 559
315 175
792 389
434 659
305 878
719 485
205 351
889 639
94 426
277 251
371 419
876 471
282 683
733 826
223 832
217 713
391 251
606 183
358 40
561 662
636 998
866 841
68 755
199 880
900 476
131 989
613 725
461 894
127 912
439 349
744 375
780 136
625 386
37 982
145 316
644 780
314 510
340 382
984 258
262 884
733 111
592 346
835 53
959 961
964 117
310 428
491 809
282 116
913 318
816 58
634 461
557 666
689 615
48 673
872 28
276 324
138 868
389 972
639 67
933 323
183 962
750 393
771 32
227 403
68 44
461 420
223 736
87 911
351 134
304 224
162 298
266 299
884 654
990 243
720 923
565 622
604 34
15 94
783 241
497 850
284 676
989 506
412 76
137 762
927 159
704 807
456 970
825 341
343 815
583 64
738 866
404 343
899 418
155 401
377 651
251 661
327 958
885 738
34 740
220 961
898 923
487 355
612 312
414 955
127 715
737 584
581 141
645 199
277 799
599 653
451 568
33 777
527 637
235 279
377 454
958 994
96 446
68 708
757 481
382 603
914 837
187 214
696 831
131 972
630 448
344 799
16 377
296 261
732 530
259 109
702 935
103 516
381 170
942 857
369 324
460 2
161 646
215 575
196 345
547 825
792 891
344 527
986 639
506 718
887 764
545 589
419 648
823 799
536 766
375 624
808 834
625 688
199 840
263 394
903 810
938 415
420 282
941 406
639 166
842 526
649 387
833 68
753 656
866 9
422 242
632 231
794 257
637 712
815 899
106 438
709 762
852 847
762 512
971 401
677 813
926 326
201 478
393 672
135 978
680 275
938 312
224 732
288 860
444 821
760 269
259 188
749 111
36 512
341 725
912 19
539 558
344 458
36 737
130 888
715 529
164 653
840 387
104 846
966 267
668 726
254 926
632 3
756 386
233 97
112 146
833 650
422 178
826 176
633 674
65 348
203 228
719 44
333 541
608 299
807 276
743 61
921 376
782 396
761 15
211 591
878 45
959 300
222 785
476 854
460 259
920 381
205 358
424 537
898 33
555 706
27 17
485 947
111 267
62 591
282 273
182 878
317 142
179 257
645 373
111 105
350 749
486 554
107 628
809 5
379 364
429 125
100 914
72 210
899 134
800 899
125 701
778 441
842 675
697 487
48 526
311 116
275 515
669 100
143 478
822 241
561 252
365 660
884 155
588 783
7 389
402 131
90 180
571 650
854 986
137 620
512 447
735 505
680 404
604 823
600 427
782 161
397 147
539 999
301 128
782 308
235 902
438 43
82 728
692 654
714 547
274 227
713 727
450 393
849 55
216 450
200 997
329 315
862 868
314 164
714 814
190 948
717 346
990 798
74 401
172 788
947 445
733 660
173 183
54 740
955 987
190 873
704 238
188 566
824 220
448 538
35 637
205 470
983 913
986 775
314 158
282 979
603 733
640 494
635 412
234 590
399 143
183 821
99 89
388 922
309 835
179 62
192 383
531 175
15 517
668 47
675 950
26 996
683 384
209 318
514 442
627 632
303 809
453 401
897 559
42 924
395 220
985 586
321 516
479 54
752 147
100 427
97 844
423 499
946 350
816 461
791 443
811 813
970 264
932 868
823 974
511 936
912 497
241 234
731 438
287 483
584 106
909 400
668 51
617 614
400 433
793 910
595 604
442 565
587 93
152 129
785 663
65 698
878 305
650 609
742 655
93 45
479 720
163 147
490 779
761 608
931 273
237 526
877 397
809 183
490 961
311 275
343 375
691 221
398 60
829 858
715 640
621 912
80 784
60 569
282 820
895 213
811 133
738 688
529 548
870 737
228 899
731 289
992 422
509 390
201 57
966 634
697 588
546 495
91 605
64 372
144 677
585 955
809 42
362 58
308 951
513 254
850 244
542 843
385 51
951 304
826 918
937 242
225 483
736 315
807 518
405 950
195 708
624 723
750 986
499 776
656 12
31 506
974 291
68 359
61 20
662 886
656 318
128 880
800 582
195 326
100 599
995 294
308 619
17 776
324 515
271 979
527 20
205 220
311 272
578 371
10 958
975 665
276 821
545 794
403 458
121 502
776 834
514 802
453 531
578 496
764 848
194 10
587 117
229 897
108 806
986 117
483 961
782 477
782 46
272 903
504 111
124 280
944 637
82 116
168 378
330 932
944 243
660 531
359 889
428 466
414 133
302 897
94 84
374 594
847 364
216 351
193 339
349 137
976 149
971 862
526 20
513 190
262 174
720 621
63 867
805 476
999 107
92 812
908 185
125 756
548 60
825 741
398 175
596 93
42 286
955 568
306 187
757 567
360 196
906 141
781 431
336 781
256 427
312 165
611 155
639 878
214 183
338 331
76 652
423 118
938 97
404 244
284 161
529 362
75 155
503 856
585 838
356 840
983 667
723 314
540 81
192 754
264 248
85 58
899 507
175 837
323 578
799 606
457 48
967 532
202 189
107 786
745 462
345 729
847 69
761 387
149 952
859 412
918 943
470 817
170 363
374 492
660 891
816 117
938 783
367 140
972 192
644 436
653 989
165 500
58 925
606 924
596 465
56 514
128 244
51 16
606 424
507 266
315 42
102 972
824 187
112 515
379 475
951 750
183 834
969 958
479 575
882 793
758 937
27 885
181 77
900 506
219 126
490 533
885 310
505 429
497 336
943 594
529 613
63 711
167 32
669 364
325 551
157 84
208 183
687 388
977 307
893 196
151 103
448 37
412 671
465 627
7 127
221 535
459 284
964 344
34 633
707 359
903 863
161 111
765 566
498 742
872 111
657 742
213 105
778 343
775 961
970 501
88 191
754 265
193 719
608 227
352 315
304 973
897 464
84 662
30 582
123 621
411 779
363 342
602 859
684 378
820 654
878 626
564 351
891 756
70 218
701 141
533 5
114 149
187 198
810 935
498 651
556 908
150 637
968 751
496 652
847 316
26 444
660 589
795 270
64 864
488 484
5 21
207 837
169 394
35 697
329 532
67 603
159 216
240 845
686 735
216 533
769 241
977 148
548 772
418 331
355 905
533 79
644 739
915 812
133 949
228 180
200 13
782 77
229 740
921 633
194 855
166 681
815 861
829 363
352 247
412 707
870 944
785 514
684 419
45 535
368 990
434 286
3 934
81 949
675 720
582 587
575 467
269 390
47 816
472 399
781 883
824 651
547 328
165 949
746 927
203 832
917 636
118 919
571 198
869 964
917 170
551 211
355 538
601 402
354 791
519 135
674 343
504 939
389 387
888 135
314 92
685 949
446 802
869 17
718 457
699 354
345 251
283 700
507 883
102 861
674 620
714 68
681 219
7 70
324 614
922 638
424 607
587 869
128 175
605 564
350 23
636 695
991 918
395 499
521 215
79 913
553 792
980 952
729 706
740 54
39 381
691 181
987 996
50 833
890 373
116 240
396 751
934 387
388 48
604 908
980 682
822 533
475 521
204 204
945 943
975 983
324 385
882 30
382 932
581 990
24 696
230 138
166 883
244 273
649 847
899 349
249 440
881 723
961 804
645 625
747 340
328 72
724 210
819 824
860 401
814 884
815 763
740 700
365 983
972 14
550 871
362 798
312 962
521 991
766 884
335 232
224 662
22 667
872 841
491 732
960 25
335 775
787 76
194 152
777 166
883 327
756 246
125 786
926 364
496 411
967 830
642 909
493 383
576 84
224 68
534 902
810 869
396 597
663 590
467 440
474 350
486 230
314 610
734 958
974 230
369 941
61 730
569 553
113 146
636 55
931 170
956 741
757 352
57 139
941 523
579 135
591 65
364 905
393 817
863 86
47 951
745 107
681 315
659 793
460 14
847 110
902 522
850 659
873 906
798 534
148 96
668 738
878 750
362 989
567 944
76 614
895 820
720 295
135 99
88 313
112 653
422 732
175 990
392 766
615 908
300 762
722 686
220 600
156 581
589 722
244 383
55 139
204 494
433 57
311 239
89 141
610 229
873 784
220 265
551 834
891 569
597 613
256 816
931 130
116 239
851 360
622 625
217 544
837 369
600 148
607 407
288 936
636 161
720 855
144 989
689 753
278 5
366 252
539 297
381 655
536 950
15 158
294 231
701 131
599 20
278 925
427 285
580 63
164 19
636 308
9 44
61 5
49 146
256 587
161 355
242 415
305 974
291 599
924 710
729 242
730 726
885 875
11 465
656 174
484 11
200 211
54 979
215 102
843 189
408 4
543 368
419 847
343 709
165 985
420 613
227 868
339 113
462 68
296 836
959 779
846 160
989 899
139 204
2 981
392 409
703 653
776 122
220 837
550 384
822 688
715 768
275 772
599 736
839 894
572 799
674 418
677 663
317 534
586 37
515 696
164 936
350 940
777 569
496 327
671 38
733 387
805 8
877 404
743 717
298 315
235 971
451 911
354 486
445 658
523 678
73 686
614 422
345 391
709 841
436 100
597 169
205 402
176 82
805 637
517 821
670 751
512 121
381 865
607 825
242 130
222 314
534 836
455 879
945 882
439 382
981 36
269 904
156 445
705 960
82 222
781 752
692 12
591 73
876 198
898 836
46 120
151 299
674 605
178 620
206 335
720 906
89 707
810 244
152 515
204 952
737 703
423 148
715 732
220 310
930 118
865 694
956 16
992 349
339 888
687 544
941 126
450 30
833 979
273 703
494 195
655 949
617 796
97 51
529 317
79 178
153 943
590 827
958 583
177 16
190 863
279 132
989 728
161 541
707 153
244 920
66 618
869 682
414 685
451 661
720 530
838 591
473 429
419 151
730 314
884 638
895 163
769 884
610 649
144 317
520 388
955 585
6 544
986 419
229 437
799 948
966 356
258 159
503 676
28 233
989 630
590 885
793 78
488 403
445 351
438 964
738 394
269 743
937 255
880 166
691 679
832 377
36 90
254 257
485 999
490 193
629 798
796 141
875 4
543 321
354 981
4 92
94 272
553 31
245 433
914 655
831 465
32 585
273 4
841 757
721 50
669 69
847 465
210 723
187 471
762 540
171 765
631 264
756 902
294 1
336 926
655 167
391 686
751 383
408 311
140 847
361 527
916 208
992 126
649 179
596 411
438 767
895 787
31 651
690 44
651 26
688 307
910 80
711 380
181 838
690 320
685 51
566 601
977 277
445 626
455 760
756 611
527 370
399 276
21 89
38 390
832 726
415 742
524 127
840 423
683 530
742 368
300 27
688 277
303 133
621 477
892 96
88 138
465 486
133 204
574 888
594 125
333 9
866 575
853 706
997 536
955 459
623 255
485 311
531 788
162 870
265 773
966 352
629 431
557 480
354 849
369 666
974 420
674 840
995 247
266 992
501 221
170 124
194 655
153 724
162 315
594 145
806 279
215 435
710 771
915 64
621 3
729 595
422 122
154 136
87 138
847 588
358 17
430 551
390 302
993 551
616 307
414 141
585 629
294 14
400 927
795 739
929 243
334 71
84 207
206 170
344 771
476 421
788 625
690 178
926 684
448 261
709 580
401 294
209 694
27 328
341 821
67 270
783 120
59 866
326 983
754 388
754 949
808 542
574 499
439 219
901 605
198 610
185 598
622 113
11 648
159 351
189 225
340 971
63 117
837 107
100 310
495 573
259 303
115 551
520 272
769 421
595 966
749 499
283 372
611 13
738 769
82 926
712 140
897 494
257 453
600 75
763 813
647 22
835 481
292 355
471 61
495 67
746 244
565 747
615 894
478 354
382 279
998 812
418 896
306 393
68 906
187 830
438 552
571 273
33 862
347 504
641 841
289 106
803 572
572 419
466 50
491 847
328 489
659 465
104 684
576 172
309 762
2 746
34 291
738 66
153 85
288 794
644 295
899 447
866 471
584 51
240 793
616 286
283 994
750 105
678 46
276 986
526 996
451 559
287 189
344 159
991 631
952 635
645 570
83 511
760 385
562 718
179 896
4 180
890 473
284 568
518 279
273 44
993 724
603 280
631 946
157 623
296 109
258 659
398 59
171 876
163 451
594 341
347 316
520 238
788 522
524 306
519 797
69 512
240 390
511 870
55 667
493 350
776 470
10 892
247 898
768 409
68 81
749 133
396 987
370 185
229 613
209 747
129 277
260 368
666 770
238 720
437 450
789 931
919 517
542 166
134 29
294 201
109 761
333 224
468 422
127 696
35 335
162 881
331 140
249 996
909 205
436 66
654 943
715 292
179 258
177 312
286 470
231 114
231 282
337 698
703 463
113 456
516 275
337 846
414 304
562 43
509 716
826 163
659 541
174 556
517 350
867 522
538 98
354 487
379 409
904 801
590 17
975 106
10 313
952 143
616 233
903 843
948 729
725 326
988 898
881 225
966 467
746 504
283 818
990 380
227 613
181 816
630 875
921 358
188 592
219 522
543 122
85 491
569 809
535 277
707 416
501 673
601 965
895 883
783 604
264 10
218 163
825 566
38 465
642 943
776 861
185 319
701 269
529 271
796 64
266 503
199 766
894 799
450 508
402 233
112 665
960 329
546 504
613 303
687 256
246 463
117 149
782 817
136 311
806 931
93 72
153 291
556 765
809 6
273 211
956 104
875 916
432 140
139 764
442 826
20 407
289 854
274 789
671 410
818 197
60 911
986 213
202 543
977 11
267 969
939 224
73 533
858 223
673 716
986 833
542 6
240 549
859 514
339 250
642 157
165 701
786 151
913 988
412 610
717 398
579 657
340 370
190 198
592 581
632 579
415 174
303 373
723 881
886 62
131 247
936 295
948 723
164 580
430 295
190 865
692 487
241 32
575 150
947 168
730 580
465 863
753 767
237 195
648 123
974 497
89 911
510 37
353 393
616 782
687 525
366 379
730 607
129 306
756 794
192 486
374 656
350 846
142 305
759 509
146 734
724 234
364 235
270 716
627 605
217 314
130 582
411 578
907 258
883 663
52 793
868 426
449 936
990 310
241 749
818 386
202 542
620 565
495 608
999 122
213 216
154 61
517 283
639 143
259 241
806 311
35 393
455 483
48 445
511 7
912 48
392 115
590 730
398 803
58 398
644 270
332 516
50 567
518 688
710 776
928 235
87 962
627 541
165 674
704 394
399 336
442 790
450 750
240 847
553 16
963 197
285 296
713 53
862 231
740 572
7 388
525 812
350 152
72 233
544 776
627 942
112 69
452 280
818 410
845 90
425 809
287 428
105 718
481 685
667 221
976 392
327 501
204 677
372 276
628 634
770 255
577 600
42 747
879 578
875 443
668 300
252 673
446 75
110 926
479 776
866 455
886 193
674 91
588 46
85 935
680 573
908 975
173 950
441 770
247 316
213 914
334 465
306 779
258 415
425 736
191 10
909 78
202 584
886 509
629 689
444 28
262 352
3 434
21 443
204 268
477 416
900 810
599 207
590 576
621 15
31 531
24 940
327 943
243 213
171 590
901 333
618 881
685 339
315 424
501 237
691 977
371 592
788 970
517 97
265 856
829 295
387 571
953 713
233 196
644 404
786 264
736 123
145 140
461 178
564 961
414 973
658 785
284 165
474 800
261 457
657 90
751 762
379 424
476 611
619 120
15 124
103 470
246 247
609 426
144 891
106 557
865 763
61 149
646 253
668 906
709 325
714 461
87 811
884 281
423 222
120 156
65 222
625 310
187 953
454 330
844 560
606 709
42 666
577 407
919 245
32 628
288 746
807 93
557 410
374 698
351 212
854 415
433 479
443 338
432 897
668 995
176 992
704 935
658 999
342 296
244 374
643 531
838 169
624 114
579 716
531 648
927 385
63 79
582 224
416 733
839 802
728 15
794 151
669 172
151 729
186 394
821 828
644 378
997 268
492 295
702 23
942 629
126 5
707 707
228 841
440 68
644 168
800 157
319 188
328 188
917 514
581 457
61 225
835 58
211 327
352 912
68 294
260 911
17 966
618 963
808 777
749 171
663 549
327 700
456 374
887 373
887 469
829 947
412 383
724 342
428 76
972 495
89 233
125 823
917 743
786 444
239 535
614 901
803 660
602 259
34 208
350 920
395 897
586 807
281 310
149 708
105 839
204 911
72 328
734 708
789 240
152 28
774 485
648 296
145 968
554 178
176 903
816 571
801 121
97 800
150 963
508 972
802 430
883 874
758 336
582 266
575 452
13 69
936 660
364 799
347 637
695 522
259 511
93 778
351 189
578 500
152 87
191 954
516 74
547 992
409 847
977 703
299 989
771 954
368 135
753 714
490 449
954 749
678 766
527 29
954 824
247 825
910 437
498 145
229 763
138 638
610 115
341 627
822 830
581 908
683 54
622 174
502 295
641 180
61 168
927 734
710 892
559 620
49 775
765 277
538 621
633 866
454 692
212 276
522 512
184 206
565 524
98 785
818 738
683 879
624 329
332 335
222 890
673 270
384 157
265 640
777 898
225 231
309 155
225 831
666 408
755 949
650 571
453 469
309 137
67 651
465 398
985 405
7 378
393 390
534 658
748 31
275 972
979 583
127 205
133 512
612 606
180 263
177 633
450 204
488 235
855 952
632 559
77 357
936 469
465 190
845 213
220 120
903 917
703 748
122 554
260 734
161 440
715 337
791 883
541 279
118 115
949 468
673 26
824 329
214 289
237 59
220 456
179 123
92 600
589 214
154 849
666 314
8 381
651 798
982 910
795 100
25 744
567 416
489 110
744 702
117 980
760 336
155 657
177 247
257 765
460 411
333 844
443 59
943 812
575 925
441 370
743 465
115 29
600 322
138 344
742 254
44 221
308 916
878 203
881 853
686 60
982 738
903 426
796 846
956 372
771 398
741 514
862 574
542 181
614 398
525 356
370 287
577 677
203 455
598 85
27 4
144 10
741 766
154 537
612 110
627 384
507 88
616 89
661 159
269 994
275 512
350 645
798 926
41 720
100 639
523 127
361 385
136 102
151 8
638 763
117 984
865 624
72 481
712 451
358 980
445 352
493 795
996 10
440 37
448 540
394 970
385 754
356 239
574 225
246 931
706 362
915 571
985 986
771 416
437 847
397 882
199 608
677 195
336 117
950 784
375 63
754 759
817 828
997 110
54 243
41 759
324 955
50 309
941 820
725 379
667 840
261 866
167 656
779 502
491 729
286 585
792 41
344 328
587 61
437 640
22 478
119 345
433 168
373 94
706 816
472 373
375 451
957 541
825 737
43 35
466 329
619 258
88 682
304 674
742 741
34 482
219 152
546 370
38 918
463 743
453 653
834 827
822 792
368 647
529 129
682 713
457 20
971 263
701 275
937 443
734 689
644 671
559 190
760 315
108 223
58 560
595 610
106 417
402 473
783 649
320 184
363 496
203 53
758 904
46 414
66 780
103 709
451 380
898 929
694 724
153 470
3 466
81 108
882 482
299 384
850 619
567 213
115 770
265 591
674 310
6 739
808 826
168 978
207 66
907 619
790 778
90 511
244 170
619 845
370 636
229 220
255 796
432 88
285 696
398 677
725 403
416 533
947 302
511 872
368 419
492 876
197 581
387 160
750 724
5 120
361 951
340 334
466 490
141 750
187 538
427 630
659 562
163 606
863 393
479 949
811 970
544 726
551 650
604 20
374 608
139 453
279 197
506 744
687 646
214 592
902 359
222 561
639 103
167 222
495 364
171 25
334 434
470 603
84 74
341 176
401 199
629 679
395 135
142 800
499 74
392 401
433 332
961 72
435 846
293 648
211 183
673 263
335 143
585 418
934 925
593 335
124 940
732 238
793 593
38 292
666 149
411 99
199 372
889 352
937 182
1 148
83 392
129 417
253 713
553 187
358 147
241 481
805 691
437 599
284 194
609 950
342 21
767 259
392 656
611 48
557 330
913 639
721 43
775 973
474 328
878 831
193 119
32 998
810 187
597 94
380 206
762 440
944 530
699 56
186 29
103 742
358 17
101 79
59 875
770 251
203 648
83 396
767 832
113 296
19 428
108 399
352 870
557 297
119 256
352 304
284 454
765 360
470 865
438 247
459 208
498 380
856 299
775 342
131 887
637 149
315 744
266 667
333 823
682 451
797 34
474 800
487 957
160 676
822 317
922 999
524 420
379 99
718 873
440 567
760 795
435 794
259 700
180 310
242 861
761 40
613 953
558 100
910 717
775 451
34 417
450 277
555 828
375 274
701 534
840 181
329 275
693 306
694 591
616 935
171 96
693 783
49 969
601 958
687 96
128 439
512 577
715 67
124 809
59 544
343 618
443 390
611 854
415 305
445 31
959 615
126 371
117 892
341 717
850 746
812 977
185 43
273 619
828 115
428 886
658 489
223 819
597 834
673 12
139 118
760 816
451 885
906 286
777 247
722 346
711 534
42 895
296 314
233 124
148 660
728 805
867 951
344 465
504 17
195 642
853 955
178 23
559 84
309 337
49 31
401 759
283 443
373 297
475 606
139 622
984 867
147 852
537 490
36 41
225 230
401 78
185 297
101 744
99 128
799 147
876 918
905 159
361 997
456 555
603 313
895 587
898 760
439 435
968 193
194 194
423 314
989 326
329 90
788 428
935 587
293 811
506 199
689 585
914 863
858 517
176 754
822 75
514 262
228 483
454 141
395 595
454 384
921 501
193 709
928 128
16 222
658 240
139 347
543 771
210 402
288 385
874 110
459 388
90 406
589 263
546 983
857 718
87 497
219 279
207 866
406 940
806 782
180 663
129 722
434 57
842 440
442 716
549 619
823 358
25 412
620 570
115 196
288 201
693 226
198 618
92 322
277 897
105 456
279 951
896 712
9 458
152 450
174 419
787 996
776 531
128 115
101 960
311 108
879 722
333 77
59 143
398 335
758 221
509 37
173 124
467 181
581 618
349 755
755 136
470 532
666 597
365 486
557 394
312 155
116 644
231 892
505 348
945 263
568 454
299 459
578 765
358 877
102 706
351 856
561 821
107 945
137 191
431 413
584 461
567 419
105 798
311 609
864 257
590 432
429 607
610 725
91 967
603 192
674 953
767 953
493 592
898 630
782 49
43 367
509 609
785 333
126 814
660 989
789 251
141 219
857 750
943 948
436 265
858 110
937 344
781 149
936 680
778 718
728 539
803 955
867 307
288 992
122 948
982 910
917 841
847 774
591 510
441 27
493 19
855 149
362 636
298 298
35 794
735 481
334 538
437 201
845 724
911 685
391 612
314 308
453 880
801 762
390 960
508 882
978 82
750 341
436 48
357 471
841 92
951 893
349 107
812 912
831 724
316 940
55 629
967 508
509 487
988 617
447 496
219 145
296 968
204 732
16 560
203 575
371 872
469 719
979 281
350 529
723 665
469 778
294 155
286 522
641 992
857 89
208 76
233 503
44 155
235 777
714 156
353 85
29 821
522 726
820 590
255 544
255 442
322 268
597 326
508 238
318 365
45 525
441 995
747 203
150 981
980 583
138 52
386 884
591 627
610 411
217 864
673 191
25 994
458 621
39 965
578 357
330 341
600 489
56 347
411 205
48 110
506 185
161 892
69 470
519 397
880 454
261 554
644 285
267 102
625 306
785 921
381 834
262 699
42 317
47 452
241 94
561 746
996 440
357 783
909 594
180 509
49 159
781 411
162 48
232 505
72 17
426 452
569 407
152 611
723 916
781 682
10 343
148 724
501 504
507 411
817 405
919 865
282 700
276 443
466 226
667 538
243 93
989 530
499 859
141 941
775 922
342 503
983 489
945 484
712 171
613 529
575 251
113 856
950 107
19 136
333 685
673 575
496 381
105 714
241 964
655 734
605 996
956 307
205 901
509 916
73 841
445 366
92 557
941 761
663 959
896 995
363 569
289 858
949 113
572 908
795 945
362 119
661 318
144 865
937 652
500 10
493 663
95 585
938 36
65 601
994 960
316 76
529 323
652 197
154 225
824 667
888 186
785 549
222 928
133 159
300 351
887 511
14 981
814 951
17 878
272 729
838 587
523 367
628 175
283 501
399 107
168 7
11 953
274 950
600 407
827 899
757 714
411 490
414 225
441 149
104 712
596 941
18 119
28 646
294 29
147 411
853 314
417 863
985 410
813 586
535 640
204 292
74 614
500 206
558 941
355 661
653 669
321 671
788 67
36 82
95 900
211 947
932 347
529 918
756 61
223 291
420 426
301 493
759 801
417 317
742 771
696 114
441 735
503 947
802 538
747 896
157 957
563 90
304 92
726 60
153 948
69 572
93 370
783 570
171 200
886 631
690 301
744 849
37 248
796 838
504 262
453 661
219 16
750 523
826 195
301 697
861 370
269 953
458 770
524 628
688 129
259 97
430 721
664 466
968 179
23 192
440 475
852 659
210 321
900 36
234 919
732 95
8 719
48 465
208 290
93 895
419 70
711 567
510 375
751 197
554 773
388 993
966 958
371 176
997 271
211 231
191 661
325 916
380 92
382 306
381 193
202 518
981 631
803 491
6 554
687 559
46 76
272 13
752 642
188 750
632 118
980 541
778 306
457 877
397 838
183 496
32 103
733 13
733 536
222 458
91 908
735 136
702 7
866 455
368 55
205 999
172 185
540 668
209 715
545 324
554 728
820 304
549 553
35 2
807 256
459 616
164 194
471 585
919 337
40 287
391 962
5 281
147 544
949 75
259 494
398 531
940 936
553 209
489 587
210 16
842 668
631 725
580 102
310 499
439 68
504 548
30 508
829 894
52 778
968 30
990 367
279 650
303 832
577 511
419 786
526 980
173 157
424 752
977 733
970 416
519 474
963 548
982 792
442 752
289 130
500 998
215 779
648 236
611 943
746 748
729 990
447 901
866 870
372 843
322 342
259 840
816 940
388 517
452 549
269 740
397 769
738 611
267 105
846 596
48 312
344 495
21 791
115 886
380 487
448 702
547 425
542 82
366 649
598 817
916 586
276 313
355 733
923 340
556 488
935 323
518 997
817 539
507 651
144 887
138 592
308 684
17 849
485 101
217 83
636 133
668 912
164 741
364 805
81 919
294 734
242 811
451 778
69 676
429 213
563 285
804 589
687 539
439 172
640 374
973 276
507 641
906 670
383 270
476 182
190 488
635 150
18 86
646 87
761 793
18 44
796 540
632 484
79 789
374 718
164 347
713 389
988 619
777 90
889 253
989 79
459 624
946 196
428 593
282 908
105 18
670 901
557 21
385 635
529 477
73 692
824 785
799 531
404 576
339 12
548 328
808 725
671 755
920 817
67 202
725 889
937 114
790 494
135 893
130 663
371 920
74 913
705 872
444 827
167 501
839 714
547 647
440 218
121 360
754 905
281 198
795 218
312 585
712 446
198 560
827 568
480 900
200 903
491 643
730 657
862 288
372 409
654 530
346 774
608 100
680 607
297 194
825 608
778 256
772 975
534 599
262 732
218 461
635 708
822 84
366 684
372 456
812 26
704 158
518 312
257 198
919 553
391 463
880 888
437 371
582 970
970 844
702 188
24 56
615 565
139 980
967 510
155 779
254 858
936 772
888 193
688 807
465 798
988 345
686 425
715 986
395 404
549 815
311 573
589 925
138 728
624 105
956 497
603 211
355 539
982 961
732 670
769 915
468 476
260 872
901 693
859 15
816 408
549 127
699 138
770 555
865 113
379 822
609 981
751 682
520 452
643 970
840 131
885 309
607 863
899 227
276 477
241 92
604 508
936 303
646 425
577 230
537 955
770 146
655 521
546 175
972 189
864 532
39 468
559 645
332 458
871 607
935 830
417 539
339 353
560 703
777 137
932 33
810 703
178 465
942 442
359 634
630 223
166 668
409 724
32 740
182 621
66 835
171 482
93 228
553 372
930 49
508 862
81 319
284 976
502 227
418 860
860 767
801 744
154 211
468 904
669 368
525 735
922 414
935 733
641 489
105 571
256 613
153 337
650 436
32 870
381 450
731 959
217 251
703 89
180 889
992 849
258 518
303 898
931 956
631 292
164 736
862 420
68 15
475 717
170 506
587 550
955 37
510 890
7 931
979 904
821 971
472 797
208 774
695 858
450 326
150 613
780 12
33 847
745 507
283 633
732 589
901 687
625 130
297 350
62 276
255 601
965 726
398 174
220 811
32 669
855 181
282 636
910 34
202 374
259 485
7 990
74 908
397 417
38 693
486 817
687 740
418 652
185 534
825 404
345 575
791 919
755 74
274 385
825 475
477 84
959 484
75 751
111 190
887 866
882 373
684 569
113 820
221 297
355 765
420 418
340 929
337 814
721 610
199 546
804 675
349 482
877 142
234 706
331 121
292 213
493 975
500 324
514 720
339 868
485 477
6 544
407 342
358 128
671 275
674 475
668 23
956 265
164 908
970 494
747 262
425 958
955 924
282 189
363 340
57 567
816 780
111 941
841 468
70 512
742 462
705 129
484 380
393 366
289 364
578 36
344 721
994 19
645 994
207 726
334 981
293 869
762 403
810 603
589 879
833 331
60 257
460 262
636 571
627 643
934 923
679 997
644 392
16 8
105 940
734 158
921 27
27 683
149 555
5 737
435 837
787 494
94 965
756 449
536 102
92 190
744 489
187 388
599 920
115 704
860 848
861 781
593 606
184 460
161 188
198 595
744 984
808 556
668 283
5 204
103 97
393 846
304 298
953 903
218 786
607 78
353 187
578 945
792 761
406 952
948 322
267 411
25 793
967 692
794 971
895 615
786 289
181 809
586 134
712 523
638 38
600 990
224 178
654 734
938 778
686 606
100 671
17 124
183 702
815 976
674 711
592 179
718 772
987 23
624 418
545 262
455 864
970 397
42 624
131 699
403 536
24 502
925 758
345 109
461 160
85 853
589 395
750 307
885 738
49 509
874 593
489 330
457 178
445 218
802 295
635 923
830 658
144 474
135 488
582 595
648 667
448 955
780 917
981 666
374 30
893 248
622 383
296 798
560 741
734 81
36 369
4 584
745 148
58 879
635 359
194 2
26 360
676 524
277 657
190 650
686 84
898 27
185 194
543 463
653 277
544 407
364 266
709 109
413 486
707 767
844 900
487 588
260 163
112 256
538 302
905 224
385 803
969 569
716 512
32 88
508 294
495 590
560 922
418 972
408 125
458 252
743 945
558 721
826 670
976 365
971 601
307 75
404 994
362 838
226 112
645 733
406 858
323 965
780 459
656 907
583 115
159 45
778 436
766 323
106 461
406 795
62 713
869 185
707 231
741 932
342 386
384 466
244 426
431 743
884 806
650 187
920 527
231 417
962 715
458 68
895 864
862 956
296 450
859 721
399 601
654 460
705 756
925 949
900 357
692 785
163 342
690 801
868 639
936 831
355 394
617 968
258 199
643 272
648 503
993 48
104 647
507 527
122 432
476 23
507 886
526 388
228 216
907 815
854 843
365 927
238 981
895 214
898 539
486 547
760 479
313 582
844 819
109 684
969 585
425 196
190 950
583 137
884 491
951 458
334 35
104 290
734 718
223 633
975 427
180 735
624 492
317 187
30 144
870 717
728 296
912 637
964 496
773 568
705 724
26 757
477 847
766 211
565 707
843 540
134 741
993 476
233 310
662 980
173 251
698 619
265 329
256 230
824 29
516 248
471 541
6 947
388 490
159 672
197 2
212 330
743 206
805 694
234 186
394 406
436 810
26 701
139 999
649 682
29 165
929 499
424 653
447 530
143 605
202 339
325 414
387 786
338 910
200 290
96 312
415 532
122 159
951 260
158 600
941 186
764 590
404 906
243 569
436 105
892 638
443 217
770 549
722 826
459 640
116 555
951 249
805 73
407 756
332 284
75 992
188 557
582 591
463 543
160 898
647 52
536 91
987 306
639 428
132 816
68 966
90 737
933 894
809 341
369 859
343 443
851 530
999 152
840 181
695 718
80 342
489 334
151 195
640 508
622 490
325 408
175 414
145 109
28 672
168 396
531 229
558 102
758 276
971 317
457 666
754 255
727 961
588 877
156 946
386 496
156 429
622 330
561 766
157 588
438 324
984 687
552 261
507 30
536 479
65 711
145 537
965 590
498 554
468 653
500 572
867 655
1 489
704 561
973 860
868 130
903 571
817 174
831 43
203 86
521 986
797 385
523 762
974 22
35 161
393 535
732 979
908 451
468 612
731 161
473 599
290 95
170 825
268 719
868 190
804 108
176 320
492 698
83 186
438 117
346 550
370 797
529 279
966 996
609 697
875 800
15 166
894 902
990 163
621 577
71 426
685 246
745 177
662 546
81 819
382 427
369 470
942 897
467 908
612 77
325 488
595 339
372 490
242 362
371 581
939 441
725 343
405 190
519 785
735 600
604 835
745 972
306 406
869 772
314 201
567 357
407 163
696 778
371 656
140 460
237 797
619 962
140 24
152 378
808 605
696 132
160 160
104 465
565 692
955 597
892 242
954 299
123 369
77 493
743 934
671 698
451 290
660 590
32 530
686 558
854 382
689 14
260 793
197 824
204 870
422 814
830 95
831 952
182 907
164 924
560 553
622 729
842 2
320 592
250 724
151 104
825 558
835 85
351 750
909 273
340 50
87 170
862 917
841 44
543 723
967 104
277 589
551 837
309 870
430 559
314 299
662 139
856 217
941 926
685 850
199 25
618 286
913 480
921 754
242 465
196 209
287 472
517 837
29 825
427 458
103 740
756 484
597 331
700 538
257 385
108 456
129 444
460 42
643 381
514 884
564 709
812 850
900 48
407 928
591 833
105 694
292 860
178 888
909 596
145 167
980 970
341 827
415 800
868 776
899 382
660 464
810 191
33 710
238 439
638 548
272 742
242 563
321 419
170 230
733 34
115 432
722 455
260 137
973 128
912 873
229 292
56 39
201 88
467 439
527 105
705 517
565 946
799 604
84 687
552 816
720 667
248 162
840 226
298 533
354 929
406 301
939 180
58 140
267 524
297 512
347 2
30 630
666 547
952 749
234 504
284 673
889 251
834 449
476 850
981 548
498 106
848 156
285 624
296 270
866 311
501 213
32 249
561 416
795 513
166 747
18 168
420 625
418 972
74 894
823 773
442 40
878 10
196 163
633 210
152 500
239 652
431 270
900 992
405 414
224 289
161 959
456 581
585 874
272 377
487 95
151 647
853 29
656 49
910 9
258 780
227 496
151 376
485 769
87 889
183 311
178 343
270 633
642 573
226 914
950 712
727 819
79 580
566 734
628 195
461 604
974 406
101 125
782 304
893 868
193 794
179 370
138 168
721 498
740 666
412 409
97 140
228 175
438 513
628 785
707 89
389 682
495 489
525 995
792 138
863 703
931 761
791 787
928 232
286 387
897 416
796 993
274 742
