7 653012
8 60120
4 0
8 44106
6 23405
6 154203
8 40444
4 132
6 2413
9 17
9 68004
9 6
9 82701
6 501
4 300
9 431185434688
7 61646
4 3112312
10 92015
2 01001
9 4
2 11001
8 27
8 12024
10 0367028370
3 0010010
2 011
5 2
9 686186
3 002111012
4 1313000221
3 02
2 00001
9 7825
8 3207426
3 101
5 434123043
4 00
2 10
8 42
10 7118611
9 838847
3 121
7 02340
10 7250277
9 11322
8 2002
5 4
10 4477390
6 45
7 62263354225
4 0323033
9 86666
2 011
6 131033
6 43151
10 274
6 045
10 8206439570
4 32
6 34445
7 46
9 21
3 11211
3 02
5 20024
10 5459
3 11221
2 01011000
6 03
4 13201
9 088342840
2 01101
2 00111110
9 46126840
6 53352521055
10 6177119
6 24425
8 527127
9 63767871
5 1001330
7 62401351
6 25
3 000121
3 2021020
4 3320
9 275
9 4602387
4 1
5 100
4 010
10 9272
8 07732776
9 723482
6 10110530
5 43
2 0111100010100
2 000111
5 233
9 013
