2 001011
7 5504451
6 2504114410122
10 95260
9 3070014
5 1212233102
8 2405106626
10 393376154
10 70865335167285
3 10200110220102212
8 1514100
7 13134521401
10 8937207
8 125267611
7 121205663
5 23134413
4 20001
8 165452541704
6 4403
7 64065152
3 2220120211101201
10 0202059942136657954
8 1644405
9 70043853
6 5532544341
8 46627071220
5 10202
6 4015
2 10011
6 211433551545534302112
2 101111111
3 112211020
4 20031232202
10 52114872
9 03024644358
5 2323011202
8 251002
3 221111202
10 606716600447
9 438170
6 352511040525
8 0433
10 781782
7 26022211
8 760
2 0100001110
3 111220
3 010201
9 56483513
5 24431430021
8 042554234422645
9 01764680305
6 03045254353404312
9 125720762
8 366560317701
3 2202210
10 2220
10 809843
2 000011
8 637541752412
5 4002411130144102
2 0111001100111
7 05264
8 472572673
5 30403
7 43613525301
3 1220100200002
4 32122320
8 1400443
10 980227
6 32445414404311
2 01110010
2 00100000000111000
8 7326
7 66
6 112320431031
10 523804
7 366432
6 522405001
9 66216530
10 823902
5 2224
4 10233300033
5 0404404
7 401046623604
8 536205270
6 3520500231124103
2 1101110110
7 3650230356
8 3632
6 03130004
7 433
4 10332320
5 22240133042
4 33003010
10 25186
3 10
9 36865348005012
3 0022220022
2 110101011010
2 01
6 01424013110042005
3 210010100
6 1241
7 630102333
7 23120562356
5 42421143
4 0020230
9 61782638
10 1
10 37982048033
3 2121
8 55146
3 22
2 0100001
10 0107333506651
2 00011
4 032320
10 42114261539
4 100200220112
7 156
4 33
3 01211
3 002120221
5 4211212030113
5 3224123022011031
3 00111020010000
7 245256440425063
6 523112420
3 0001022211212
7 3446210155202566
3 12011
6 3532
6 0441324445
10 7753859503
2 0111010111001
10 501625544538623588099
6 22522355550221032
7 50262141
7 24325521124
10 122531
7 202436
2 1110011
5 42411404
3 020
7 2556665424
10 8883384398345
5 412001
10 646653649959
6 241013431
5 140140202
3 101222101
3 011112000
5 30102
5 2110132
7 5111
7 1402260363
2 1101011010
9 720672413660751
4 20332
5 04431421204
10 2
10 13057054629
3 22
4 3213102331120
7 0024152
4 33301030
2 011100
3 0212120
4 22200213
10 24365
5 4223320043
3 0122110222222001
9 6550
6 113244555
5 33310022103313243010
3 0000202210002112200
8 35025207
5 03414322032
2 1101110001100
6 3130402321254334
4 31312
9 662871888276025006
2 0001010
3 212120102
6 3501432
5 3313402304
4 2200301222
5 433424411222
6 302325244
9 5387754882
9 045252631
7 32363516
8 1206742
10 86437676590
7 63216502136266
3 2012220100
7 340
9 010033063546247
3 11
10 484
4 130032100
10 11471962
9 47357
9 38805624362
3 2022
4 303302323
5 020314412134
5 202333330
6 23351422102
7 3566144
4 01
3 22201200
4 21
6 52412
2 100001011
4 0212
4 3223
5 042423
10 501546
6 0421423244503
6 12435314544
4 11101102223
8 73
5 101234210
4 3212
6 3003
8 23171470500
2 110011001
7 61501262406
3 221220102002120
8 2536536457276
4 333
2 0001100
4 303203213103
4 332002300021200
6 442114523
8 002562601647077236721
3 1
8 616
3 1122
5 2004020
7 161305
5 013200
4 3103333
4 3333033
2 100
10 783925896
5 42004302
4 01230232
7 3
3 00112110021
6 2044320444
10 00358
7 352334421323
3 10210
6 32005405231
9 66423
10 36910
8 334147
4 101332233221323332
10 46525290
3 20211101
2 0011111100111011
2 01101100011
10 34996056916361197
10 0918
3 121211202102110
6 513
5 40103111041
6 205253552
8 47103
4 11030000
7 353156062344035560
5 234311341
6 333524500133
2 001010111
2 0011011
6 4103
7 0050311320112316060
9 5735811510
8 6231110031
5 3331004231004
8 611617
2 0
10 8844380483
6 5
7 01253650422106
8 046716766345
2 001111111
9 12068633
10 7576830506010150
3 200012
10 9
2 101100
6 1512443
3 220010111012
2 001100010
3 1
2 010
7 2236445
3 2202211
10 147753
8 07102224703721
5 4100211
2 01010
9 7105412
2 00111111010011
10 3134071
6 052
9 4057
6 554053531103013
3 20
10 5430109268
7 6616440
5 013302
6 14002
3 0211201
2 11000
7 046
7 5
5 344211
9 813154
2 111011011010
2 10111
9 285777030883001130760
6 00112
9 315
10 5142303207009
3 1002102122
9 738217058
5 0032132
4 021211131
8 424227725310
9 447380
6 22143400
2 10100110111010011110
9 14456211863723
8 2524210623737
6 5213124112132150
2 0110110
2 1101110
4 10130
4 0121
2 111010
5 11430430
5 43032233
8 435040541520121261
9 5458741567714840315
10 70209194829
6 0012131422
6 24400404141213
4 1131
5 421220130401
10 200415254
8 7012642707
10 044714
6 355401
9 564
2 10001011
9 55828343613
4 30
5 2403344
7 55633
6 44540135
6 004535322
9 472612154416868
4 2322200
2 000
3 222102000210020
9 32882
4 2300133
10 037399094291385
3 02
8 75246274656324223
10 79
6 555131550234
10 5952547620
8 25127364114645
6 23210
4 2
5 2114
7 1554235110415
3 12011110
9 2780474075711265
5 20
5 04124
7 3100402406561
10 2
8 407666240
8 13
3 012002
10 9588780634422038
8 05326023136
10 7808073
9 781531625501
9 80361762134443
8 1507007452727
6 4252404403424
8 232
5 144013404
6 2455
5 121103142043
9 205855
7 4
5 11332220
2 1100010100
6 11302
8 2626550
5 4324410322
4 032302331330302
7 515352535
10 1527632
4 1100301200131
8 4
7 613160
6 20
9 6034606
4 202122122111
2 00
3 01221
9 50373410547203143
10 6829796
4 0113013222
2 011
4 2302331320
6 4400001
8 213227076170754
8 401121260
8 15562601677
3 0122201122221
10 87398
4 2120
2 00100111001
8 04145332407522
9 70148282
6 242200
10 978257
4 2030302
2 1110100
6 3254321
10 1992195
10 090027604
7 05122422142041
3 10021121201210
5 2041423
3 0010210121202
9 55328258
5 33240340212
3 2120
2 0010001
7 3225126662562333644
9 305377881
9 745267
5 432410422243
6 2135145333100334414
10 62065763871040038
4 000000022233
4 32003222000
4 02023300112
5 2200033342
5 033113141
5 2311020
8 2011
4 01112130123320
2 101000
7 526522
10 031866
10 85174834480953
5 443220323442113
5 043242241
4 032323
4 222303
2 0011010011111
5 220331142
5 12301
5 423
9 1350301681
7 365
6 135443
10 341292
8 20
7 4424
7 625
10 969730
9 2163616644
4 211
7 6064623413
2 0111101101000
8 64
7 300035464
7 61066353163663
9 187
7 15234111
4 32
6 2
9 8457680318765
6 51313321151514252225
10 56
9 62365641
8 10065227353626
8 124
4 0002
6 412135005112
9 660013507
6 350212511223
8 47564016047
8 27
10 734946171959933652
10 1079912650
6 4
2 10011
2 110011101
8 675024572075
2 000
10 37487393
5 2423
6 0
2 011101
2 1100100
4 12233132
3 2110200112200022
9 647265458664143102
8 5111660
10 07021657
8 63334047
3 0110022
8 1671266
5 21411
9 722470875
3 2011212
5 2410
4 222032220033011
7 0603
6 342500354
5 1404
10 14037167
6 334351
9 2871356
5 320202242440
8 05471366
2 1111100
4 32230
7 632662
5 03203
5 33204322112
9 3730125052305
8 426651542
3 00000121
7 1141550
8 005522004
9 524645
5 34414302440413
2 010100111100110
2 00111
10 1023
5 0302014432304141
5 3020313
7 150025
7 6630232445
9 3343
6 0022120354
4 01
10 2609800800
2 1101
3 020
9 515200404000
6 453420
8 7554037636131
5 34044134
3 11201110
8 7406
2 01000100000
9 6002
2 0110111100
5 410
3 0101021000
5 0014
4 02
6 40304252320212
3 21010
10 495946128
4 322321301
9 44007217430114355
9 213443483420583
8 4764447274567
6 344111
3 000112220212120
3 1200
8 470434
6 40515134224
6 4014
3 20101020002
2 01010111
9 242768151758
8 521231644442647312
8 460000057
2 01010001101011
8 25431
7 4626043561432
5 0123210113
10 401255653
9 83058131770
5 12
7 40163001
6 0422044
3 2001221220211001110120
3 2010
9 73431480
7 32202405433
5 33342322
2 000100000
5 3120413041441
10 17692178
4 22103230
9 034528
3 10220201122000101120
8 3620600157
5 201412332
7 05324
8 5644233
4 001120
8 02626
6 53331035
3 20210220
8 30024444
7 24165633256
3 12020
4 122320
10 82755249725795
8 3114024350
6 521502
3 0210012
5 01122140
5 24340244133
7 26031
7 46200630360304
9 4406
8 6676773330246
9 461775118
4 21122203321300
6 1514120531250215
3 20222
4 220103203111
10 111905858419
6 14101
9 3678
4 0110
5 4100033421431
5 320441
8 2
5 43410423343
6 031320003
9 30538783
2 110000
2 11
2 0100000111
6 0454005
2 1011100011
8 31340043
8 327555
9 0587514
9 53370075
8 7532216324550373657
10 559
7 5533353231
8 34434774004
2 11011111
4 002222023
7 61310350
5 024
5 10002343
3 1021010211
8 660655462
9 18270522062
3 211
4 33123133
6 40202200343430553
8 0016757407700314421
4 11
5 040244001
9 7574423857348
10 305469506593774235
4 213331323
9 200368674
9 7118367671
2 000000001011101111
6 42000340144
5 234400
4 212313233201
5 302442401
7 3360114
9 682
10 71554000732
7 004
5 02233
3 0122201
2 11000
5 41101324123
2 0001011100011
2 111011010
7 646443305023
7 51100266
10 626118487291170
6 4
4 321221
4 0130
3 012212220
4 13011
8 5054
3 02121211010212101
7 306051612
9 5108042848
7 65656466
10 68
10 096894841
6 3150412
3 0101
9 848576631411
4 022230220
9 31
2 1011
3 0221211
6 2241425512023215215
4 0210131
2 00100000001010
8 42
3 0
10 9
4 10
9 84211
3 00001111020121
7 561244202026013466
4 3
10 593745998
3 1102101
8 073271701235615556135
6 124440203
9 3473
3 022122
2 010
3 2112212000
4 33231022103021102
9 7886
3 1001110001
8 646322336266
3 0200002102211
10 800774405
5 430212423120014
5 13142
6 15023114251032
6 241301015
8 440136241
2 000100010011
9 5201066872
6 501
5 440404013
2 10011110
7 011043
2 10110100011110
5 0340221030
7 1452341322005666
5 212411231
10 01185
3 2122211111221
7 441611120
9 16010
5 12331143102
9 45183
10 5915699918
8 05400403270234
5 0324131
10 258621454013
9 0427280667
9 2
8 33654523
2 01001010011
9 233582
5 333211214
2 100110
2 1100100
4 2023121
6 2013350
7 00664613446624
8 652175434175
4 20010
2 00111111
2 0101111111011
9 74128330846815
6 03311312055
9 25221038875630
9 286257571048
5 01221004424242
4 1303313023203
4 1301021
7 404
4 00002311
6 5
9 666
3 02221221220100202
8 00160
8 134115557
10 00
8 033307411424642
9 45453338
10 277993822407
9 7533240523
7 1651642021600
9 617168026522
5 100430241
3 011
2 10110
9 637232245
10 020
8 60455226656
3 1000201121
6 22455215
7 4435
7 052306
3 02222101
3 1102222
7 10635
10 5228746095828014
2 0000100110100
8 2327301
6 24100
8 5000
7 500343025
3 110200011
9 653
7 224241160455
10 92291716026398
10 76419501642210
6 01
9 043013
6 05330150
9 7453525
8 07750726742
5 0222223
7 214640
8 45144542
7 53426441
6 0114115215320
6 05520
10 90517189
3 222121222120011111
3 200200
7 3311265662121
6 3032344
7 31160
7 6034
2 01111101
9 0348
9 431153
8 231662732412
10 063
8 555
5 02102114024211012
3 12211210211
6 205
8 66040
9 87604835444
8 66734277430560
5 40
10 761648780210281921376
7 0052266202
4 2003132
5 2044144104344431
3 2220001200210000102
2 011110001
2 101011100000
10 2416305856352
10 088292896662
3 201100110
3 21102212
5 4330301013103
6 15340
5 40103
6 53352000
5 30341
9 52823368114
4 301
9 047051178
8 73132734713651
4 23322
9 01673018
2 1011000
7 6362004435433313
3 21200101010212
3 21120012
7 026662606501326
10 03470876966338
7 556
2 0001010
8 37037364
9 13
8 3361
10 8
7 014430002455640
7 05225
2 00101100101
8 314677110
5 13422
9 6260051380681
9 75847058
2 0001
8 73147354
2 001111
10 698911331
3 102111110001202
3 20200
7 130245512
8 252227136076
5 12040
2 00110010
3 11122
5 31002212
3 100021211011
9 445758
2 1011
8 3277443474
8 300300413660123730
8 01165757217
2 1101010010100
9 34727486
4 03322
8 36256665714
10 8395
2 0
4 20120
4 0101022313322
4 0032011123
9 70511563
4 11230120
10 07313868
3 222
5 20
7 04530
3 221020002201
7 304405261
7 525142542
8 056
5 44203003
8 43676537507705
9 14288
4 232100
8 632421500122052
7 31
10 290001182618
7 2621044
10 1389
2 01011111
6 350454352434443404
4 2011233302300011
10 9356553
2 100011001
5 4440
7 31104160
10 3333407124
7 3026620343
9 21647640303870374
5 10301
10 819
4 020
2 1100010
2 11110011010101
3 020001011
6 5405
10 540169825832814
6 22
10 439609893503
7 13103
9 3805045
8 316661050
8 01653
9 125121225661
9 2650500674
10 193314887071
9 76636770546801
4 012213121333213
9 560
9 2560330733
3 2020201
10 457
6 211420
3 221102
9 8550622
9 62268238
9 768335
10 645296009
8 4416771
3 122012100
7 5244
4 22302203
8 53202641675
2 11111001010000000
5 32444431242000141
5 442241440
7 5212342145
3 2200200
